-823
-518
645
94
-361
-98
59
-314
357
-5
405
209
528
-51
22
419
-627
-318
103
-212
462
-46
94
380
-1265
676
-115
518
-245
-52
9
-42
939
-60
-505
-960
1001
-408
-11
252
-1560
329
82
263
-215
-112
-3
-208
481
785
589
569
-143
157
9
353
44
913
62
1987
-214
-125
4
105
-57
149
-417
-239
331
390
-153
-68
1390
616
-256
-124
266
-142
16
594
-853
636
553
784
12
-758
4
2
-312
-487
438
-507
39
16
-9
114
485
-175
755
-761
-900
-513
-140
441
-2650
530
-20
684
-184
18
30
-336
1311
285
577
-145
1134
-297
-2
137
-997
793
127
615
249
343
1
-35
-162
-70
-526
158
-477
-185
277
69
-576
51
-290
699
-226
-94
12
-428
1506
-1047
-972
-1073
380
-484
162
-60
1440
181
-164
-743
59
64
5
130
-482
142
-126
836
-267
121
-145
-1095
1814
-493
162
77
266
-53
-6
177
-236
-451
-52
-373
-320
520
4
176
1505
-407
29
-819
-196
-158
2
120
-12
-177
764
549
142
59
54
593
901
-674
337
-764
70
-118
8
12
486
-671
144
-1149
-791
298
85
-186
-1149
-944
7
-1170
123
-38
-1
-148
687
571
-339
547
-98
351
-18
-129
1756
570
98
958
-89
123
-21
65
-1885
33
-645
-341
-363
-19
17
-501
118
-624
-146
254
136
-328
-24
342
-200
212
212
76
-184
-256
-56
780
588
-28
308
530
-734
1124
-6
-286
108
154
-56
-26
-43
875
-169
629
1793
421
-121
-13
-559
271
31
-751
29
413
777
237
-501
106
103
40
-88
-102
-120
142
-498
121
10
-117
-1597
807
-623
129
-988
587
12
301
548
-77
-94
477
124
-278
10
286
-509
-645
-185
-117
859
-600
-133
98
-1073
-173
475
949
-207
461
-3
-493
-837
432
-381
-402
907
-1089
19
-993
868
1000
-358
1498
-166
88
4
18
719
-632
133
-84
88
-536
112
-136
19
-996
229
-624
240
298
-12
246
85
713
-173
1055
505
-185
15
217
850
-636
-268
-244
-20
-481
-10
201
186
573
160
183
-314
752
56
532
-322
-127
58
-1071
1217
-453
-1
435
626
386
658
116
2032
272
-96
282
-2834
-229
180
-51
-105
-132
-13
244
-675
-10
-769
-416
361
-142
115
440
1260
501
-262
-313
-321
-90
-5
430
397
-427
93
-483
53
403
9
503
-81
-446
363
-660
95
423
-9
-433
19
-97
-701
705
140
160
-38
-772
-108
831
340
-85
115
-714
-7
276
1484
-631
344
101
-1328
-448
0
-610
-664
-565
-108
-691
3
329
13
-77
-571
-338
107
-40
-1230
53
18
37
-1418
62
188
-142
937
-208
1
-216
503
-701
-267
-765
100
-946
-4
-164
-1921
-31
273
-599
-160
223
-28
-49
0
178
-346
-332
1076
-103
22
-31
-1515
-720
-207
-726
535
-788
-5
-462
449
135
-297
419
-639
-262
-1
-792
-93
65
481
1351
-443
96
7
36
-198
-159
-110
21
-90
-327
-110
45
1597
-535
479
405
332
127
28
399
449
-1179
263
-473
820
-664
0
-444
431
197
-9
-641
-28
66
2
-54
254
771
4
-189
-224
-300
-74
438
-622
-254
-16
634
-188
-864
2
-260
1351
-777
-279
-713
-17
639
-139
739
494
678
26
84
148
355
-16
-213
-429
504
-941
-42
1075
190
99
564
-28
802
70
902
343
-99
3
-245
18
-472
92
-706
-1179
285
1
37
482
658
-32
926
-207
139
-7
-83
-277
-695
33
-141
-431
33
215
-661
9
540
401
-444
-399
693
-15
-221
-932
883
118
427
-1649
456
19
-158
1297
-1123
-67
-773
86
-105
-8
249
731
-741
637
-221
-236
204
-92
186
-772
-142
-126
-1770
639
144
-5
-28
162
545
-138
909
-292
-254
-4
-304
-1742
-793
-2
-301
-27
-217
-13
175
-98
-113
-62
-325
-178
842
-130
-360
-61
277
-193
255
-571
713
13
279
-1027
441
-191
561
774
-205
-8
599
328
-176
88
32
54
-296
-2
308
246
-501
36
-255
1161
-519
173
-869
-583
-1560
-171
-1428
-442
-582
-4
98
1106
578
202
-4
349
659
-13
931
636
-263
466
-781
-50
732
8
-284
71
-7
-263
-125
877
-19
-309
-501
1032
-606
314
-616
186
-55
4
409
-608
-108
34
216
74
-106
20
-62
-124
38
-2
-268
701
-27
9
221
6
-412
-492
-130
911
-53
71
483
-589
596
187
638
-355
171
13
-837
1405
-276
481
300
751
-377
3
-587
1526
-397
-166
231
21
-27
3
213
621
-157
-545
13
-1201
28
225
-444
156
-208
-190
-2
315
354
11
-48
540
665
1126
1317
-583
575
105
-193
2952
-913
-92
-761
-186
-152
-6
358
-859
266
437
-426
-376
52
-82
344
455
812
61
290
-547
494
-17
-304
462
-727
-228
303
-526
37
-8
-469
400
818
-346
10
130
90
4
122
139
-324
125
52
310
-725
-42
-123
-70
-28
-134
78
-494
-122
-10
216
463
-784
-687
-212
-671
42
35
-54
-1875
966
-321
742
121
-342
-9
-358
264
508
326
712
84
292
14
-1052
241
-659
-33
-159
-130
-385
18
535
-1767
107
-399
-31
18
-303
12
-125
-915
119
-85
-341
-2
-95
-30
-35
-538
385
388
193
-649
502
-21
264
-543
-944
-343
-984
561
-250
-7
266
-549
581
-425
-1205
887
410
15
870
-2521
482
251
78
-37
441
-5
-433
1253
161
-179
-377
-55
-29
-11
237
720
-598
20
-632
-28
62
-24
576
-173
1289
-355
541
-477
58
5
228
489
401
137
783
-400
-18
-10
22
-384
399
404
53
-299
-414
139
86
-582
654
-284
678
-933
304
-29
-336
849
68
91
-38
-909
587
-43
127
2003
-272
-477
-742
9
227
-3
43
-212
-205
258
539
-321
560
23
270
246
-680
122
-1528
221
216
-9
-236
-1178
611
-448
189
-728
17
6
-177
-1510
-649
-4
-759
-79
-229
-3
61
-42
-516
388
176
-409
361
127
51
168
512
-142
634
-1079
737
-19
-363
-1335
-564
-745
-426
635
-347
-147
197
789
310
-121
-674
260
-92
-24
180
-67
747
587
953
140
-160
152
-1244
1562
-1415
-228
-937
130
-669
-4
149
-430
185
-566
411
72
900
-16
468
1182
-531
-518
-605
-191
49
-13
179
-158
23
-466
-521
-383
103
23
-113
-612
-225
12
-295
627
-741
5
417
314
59
1470
345
416
666
-56
438
-161
735
209
835
-78
-34
-10
100
-779
-160
-341
-1000
1222
-365
-170
773
-1228
553
188
1169
-157
-5
1
-165
1428
96
46
-54
-934
239
-8
147
600
996
-104
1138
-95
255
11
-385
502
795
-678
71
46
-279
-30
49
1641
461
27
197
607
-185
-27
619
-57
-13
437
1067
643
-544
-7
-526
364
-53
168
-61
31
265
-19
-151
-880
75
-174
43
-1177
-217
99
43
-1655
876
-355
1142
-550
105
20
-171
519
-822
179
-992
1024
-871
-6
-151
-81
388
-355
-368
344
131
-24
69
-40
234
-370
0
-1194
-144
4
-54
-333
-359
-571
-77
-277
-710
29
-66
-122
-33
-716
737
-814
-131
-8
-77
-1412
27
328
333
480
-651
8
-229
-162
78
-274
540
-22
209
10
-675
927
517
-31
57
-281
-493
17
439
-256
-1429
274
-1273
-752
-578
-14
-408
-1058
156
264
-846
59
293
-29
-315
-247
96
389
-534
-542
429
-20
717
24
-198
-280
-520
664
-395
-28
149
1048
-614
34
-1136
1390
388
140
870
-2941
202
-255
-306
91
482
-11
-350
719
739
-405
139
292
130
-46
88
1377
-319
199
17
-171
-93
3
571
-1222
539
-230
-493
-435
82
-9
444
-228
400
442
-86
217
10
-23
-168
-434
-66
-44
40
-501
150
-329
-180
411
-386
75
102
-130
1054
-16
-98
-968
711
148
441
-641
670
13
110
2626
118
-44
98
-514
31
-4
-123
835
-407
219
-691
-397
162
-41
436
-52
574
304
190
-346
458
6
-450
-33
524
157
578
-888
103
16
35
762
232
170
894
-3
-192
-5
162
-133
-183
-51
-181
746
-346
-62
278
-918
394
-332
928
-90
264
8
-682
142
413
54
899
1414
-648
-22
-928
1660
146
-218
1012
-166
-575
0
761
-1322
-563
970
-163
300
-496
-20
226
-184
-368
-104
-368
565
361
3
123
1132
435
832
449
20
249
4
175
1055
-536
-63
-236
-200
144
4
-56
-47
-514
149
432
137
696
161
-486
656
-224
10
-982
1190
199
0
743
-544
648
362
-230
1702
-501
28
-65
-2473
-629
-59
-601
-399
-228
-25
110
697
-214
-155
-522
436
-79
26
55
261
1042
-433
382
-342
50
-10
350
95
380
885
908
630
373
18
555
314
-362
-236
-222
18
-102
20
-2
-89
-72
-393
492
-134
313
-4
-1029
-75
585
-201
-911
694
-65
2
151
526
167
338
685
-1828
45
12
-805
-36
-1151
368
-275
31
-235
-27
473
-1165
-924
523
-220
-901
283
75
457
-1589
227
-309
-941
633
267
21
59
1586
230
190
158
277
-340
-9
-340
-2073
-604
235
-92
-180
370
-18
-350
73
-575
777
-331
1343
-372
-165
518
-944
-355
-68
893
-261
-260
-19
-494
1015
-414
-1445
-602
199
-917
31
-867
121
974
175
1232
-166
346
6
-264
358
531
-92
1103
-528
-422
-26
-476
957
-974
-171
180
365
129
-7
297
-1195
38
-473
188
828
-598
-8
-192
311
192
-359
-624
58
-249
14
157
67
450
609
34
-724
-180
-180
400
205
-189
65
497
-903
-115
-3
-537
-1135
-733
-69
-1301
-693
758
-39
804
513
647
-257
-109
229
52
-5
-78
158
759
-148
191
1101
532
21
782
446
410
16
606
54
-83
8
-637
-502
-151
-396
343
-977
1019
7
-547
272
182
0
1470
-301
-372
1
632
-119
54
49
122
881
174
9
266
1017
1131
155
523
-434
322
-14
-128
-1706
-380
330
-454
-168
-575
32
289
-257
-619
-159
-591
94
268
-14
-18
49
469
647
-127
-1054
341
-98
117
-2348
-672
-46
-272
543
-389
-5
5
-229
1127
-495
189
1033
225
-13
503
-1688
423
394
827
-65
156
-1
118
-168
-275
768
-311
1167
-337
45
27
-1016
-449
-330
-407
-287
186
-11
78
-945
740
-811
364
-257
75
-27
133
-1281
1116
-13
1656
-165
-163
19
-113
677
-473
-127
7
238
-86
-20
-388
-838
-139
86
-383
-89
-102
9
36
-187
123
467
719
253
-32
-17
378
-595
-251
7
-47
-26
74
-14
4
55
191
9
89
79
-93
137
45
326
-555
42
-233
135
-364
9
64
119
-99
511
245
-186
140
-108
82
-257
-1034
-243
-776
479
1
-35
-135
-457
-477
-967
123
527
128
-3
310
511
798
295
840
-343
294
-3
-216
186
-1464
44
-912
155
-126
-9
-658
1120
-187
40
-107
236
-214
-4
268
-556
-225
-106
89
-819
-539
69
-749
762
-110
154
390
292
389
20
187
1104
-875
-140
-253
-503
441
23
-137
1931
-920
169
-978
-80
374
16
-268
212
352
-262
274
82
11
-20
-561
1462
351
82
167
-304
152
-4
86
-1087
-679
-71
-83
190
-262
-4
-472
-543
437
-365
-233
-275
-336
11
-116