-6
0
-3
-1
-4
3
-3
0
-4
0
-2
1
-2
-1
-1
1
-2
1
-1
-2
-5
-3
-4
1
-2
3
-3
0
-7
-4
-1
2
-7
-1
-2
2
-6
2
0
0
1
2
0
0
-3
2
-3
-1
-4
-2
-1
2
-1
5
3
-3
-11
1
-3
-5
-6
8
0
0
-4
-1
-2
2
-8
4
3
5
1
-2
0
2
-3
4
-2
0
-2
2
0
2
-2
1
0
-2
-1
4
-2
3
0
0
0
0
-1
-1
-2
-2
1
7
-2
0
6
3
1
-1
-5
-9
0
0
-2
-1
-4
2
-2
0
0
-1
-1
1
-1
0
1
1
-2
0
-1
0
-1
-2
0
0
0
0
-3
-1
0
0
-1
-1
-1
-2
-3
1
-3
-1
4
-3
0
5
-9
2
0
-4
3
6
-3
-3
5
22
-5
-3
12
-7
-8
8
10
-10
-2
0
2
-11
5
5
4
-9
-4
5
7
-6
1
2
10
-7
-6
1
7
-8
-5
-1
7
2
1
-3
1
1
21
-1
-5
-24
12
-9
-18
-80
-25
-11
-74
-36
-46
53
44
78
0
20
75
-16
21
-22
-48
10
-12
16
-1
10
8
6
14
-21
-4
-13
-12
15
-5
5
-2
-17
-8
13
11
1
-4
-2
-2
5
0
0
1
-2
-3
-1
2
4
4
4
0
-3
-2
-4
1
-1
-7
5
-3
-3
5
0
0
-3
-4
4
-3
-1
0
0
-2
0
-1
-3
-2
3
-4
0
4
-3
0
5
-17
-8
5
-7
13
19
-23
-1
-14
-24
5
6
-5
23
-3
-7
4
1
-3
-1
2
1
3
1
2
-3
0
1
-5
-5
-1
0
-9
-2
5
2
-13
7
10
-6
-13
11
-2
-11
5
21
-1
8
14
11
-6
-7
15
5
-5
7
14
-8
4
6
1
-6
1
4
0
-1
-4
-2
5
2
-4
2
10
2
-12
2
9
-3
-5
-4
7
-2
-3
5
10
-8
-1
6
4
-1
-1
2
4
1
-1
-2
-1
-3
0
4
6
-3
-2
1
22
-11
6
9
16
2
-4
-12
1
4
5
-13
-18
-14
-2
-7
-36
-19
-10
21
-15
6
-3
5
11
12
2
4
0
1
-2
7
7
7
3
-2
27
4
18
-28
-16
-8
-11
-6
-41
21
25
10
20
-17
-7
-5
13
0
-16
-34
-66
22
28
32
29
-72
-36
12
32
27
-25
9
6
52
48
-13
-64
-53
-13
39
75
28
-1
-30
-72
8
21
36
32
-42
-16
-15
3
15
-3
-2
1
4
8
2
-21
-16
-4
21
3
-2
-1
2
-7
16
8
-3
3
2
-6
-9
-4
8
-12
7
5
3
8
-5
8
2
-8
1
-2
-2
11
4
-6
-3
-1
-3
1
9
-6
-5
4
8
-4
-2
6
6
-16
0
7
4
-11
0
10
-4
-3
3
4
-4
-1
3
5
-2
0
1
3
-1
-1
0
1
2
-4
0
2
0
-3
3
4
3
-2
3
6
3
1
0
2
2
0
-4
4
5
-1
-6
17
12
-12
6
10
-5
13
1
11
22
-2
-6
30
-13
3
-2
10
-27
3
-1
18
-20
-26
-20
24
-26
-32
-46
-30
-49
-25
-13
-82
-20
-51
-16
-75
60
9
53
79
125
1
-16
138
-39
22
-23
-20
-70
6
-19
-48
-23
-6
9
-14
7
-28
6
35
45
-12
11
37
-6
42
-4
-39
-102
-6
23
-88
-30
-12
67
21
82
47
-21
-3
-6
-6
-91
-132
22
12
29
135
88
4
-22
28
-80
-62
-14
-15
82
14
11
13
-30
-2
-14
-12
3
1
14
27
-1
6
-7
-17
-30
-30
18
49
53
31
14
-50
-73
14
45
69
2
-3
-23
-52
28
28
-14
-11
-72
-12
5
32
40
-18
-30
-12
22
11
1
-9
-11
-2
14
34
-22
9
-3
-24
-3
6
1
21
-7
2
9
-16
-9
9
-25
-8
10
-6
-10
-1
1
0
-3
-6
-1
-1
0
-4
9
-5
0
12
11
-3
7
1
-6
9
6
18
4
-1
-3
7
-22
3
2
-11
-9
2
-3
-3
-3
-4
-11
0
2
-17
-8
4
-9
-5
8
-1
-10
-1
1
-17
-18
6
-11
-26
8
-13
-7
-5
25
-9
17
9
11
3
13
9
3
6
6
4
-8
12
9
0
0
28
7
-3
-3
-4
-10
-7
0
2
-8
-3
1
-9
-8
-8
3
-14
10
6
9
-4
4
8
4
-4
-4
6
1
10
-3
-2
-13
-5
8
-6
7
13
2
6
-10
-8
-8
-8
4
5
6
10
-7
-4
-1
4
-10
-25
-15
-36
24
-26
77
72
-10
13
-45
-60
-17
-96
14
34
93
42
-30
-1
-119
-16
22
-44
66
22
32
79
-23
-26
-19
-58
-15
-14
22
26
27
29
-18
-3
-21
-14
2
13
13
17
-10
-7
-26
-4
-4
-2
35
16
-17
-1
-24
-9
-4
1
0
-11
9
1
-4
10
6
-10
-7
1
-7
8
7
-9
-5
-3
4
-2
7
3
-11
-5
0
1
5
-2
-6
3
2
8
-2
-13
-13
-4
-2
0
8
-12
-17
-6
3
-8
10
7
1
-6
-5
1
3
-3
7
6
-12
-5
9
-5
-1
4
6
-3
0
2
1
0
-1
0
-3
-2
-2
2
2
-1
-3
0
-5
-3
1
-6
1
-4
1
-2
4
-4
4
7
4
5
11
9
6
12
-9
10
4
-7
-6
6
-11
-4
-5
-2
-17
-10
0
-6
-2
-7
4
-7
2
-1
13
2
-2
9
3
0
-1
3
-3
3
-2
1
-3
6
-4
-3
-1
-4
-9
-1
3
-9
-3
2
3
-5
4
4
-3
6
4
-3
-1
1
-13
1
4
-1
7
4
-4
7
0
0
-7
-3
-7
-7
1
-5
-2
3
10
10
-2
9
-12
-9
4
-13
-6
-9
6
3
14
17
-1
1
-14
-4
-7
-11
3
-9
3
12
-5
9
-17
-14
0
-20
2
1
3
1
-3
-4
-2
-14
-3
4
-1
-8
10
-3
-4
6
-22
0
2
11
41
-3
-1
22
-32
3
4
-88
49
-2
-1
111
-25
0
-7
0
-39
-3
3
12
44
2
-2
28
-4
-3
-3
3
13
-2
2
-3
-1
-3
0
5
-7
1
-1
-15
1
-3
5
7
-1
1
-2
-10
6
-4
3
10
2
0
1
1
-7
8
0
1
-7
-3
-1
-4
0
-2
-5
-10
7
-2
0
-5
12
-2
2
14
15
2
3
11
18
1
2
12
-10
4
-3
16
-28
0
-8
-19
-22
-7
-3
-22
-3
-7
3
-13
6
-6
8
-4
4
3
8
10
-4
8
-5
-5
-7
1
-9
-16
7
-5
1
14
2
-2
3
0
5
0
1
2
-1
1
-4
-1
3
-4
-1
5
9
3
1
6
-11
-3
-2
-6
0
-1
2
-1
-1
6
2
-2
-5
-8
-11
-4
-3
-2
7
8
3
8
-5
2
-10
-19
2
1
-5
7
21
7
-9
1
-19
-29
-23
3
8
11
-2
10
-3
-6
6
-12
-4
-27
2
6
-1
39
-48
0
-6
-3
21
-15
2
-54
-26
7
-6
31
53
-3
-7
-28
-28
-3
13
6
6
-3
-5
-11
-6
0
0
-6
-1
-4
1
44
-16
-7
-5
-62
13
7
5
33
45
-8
0
-61
-67
-2
3
20
31
9
0
46
20
-2
4
8
-1
3
-7
8
2
9
4
18
-45
-5
1
-12
-12
-3
-1
-22
3
0
-1
-12
9
4
-3
-6
6
-2
2
22
22
-5
0
52
-82
1
-1
-63
-45
1
-3
-28
-50
1
6
-25
12
-2
6
20
5
4
-14
9
3
1
-3
-6
-2
-16
4
3
1
8
6
-11
2
6
4
5
5
1
-7
-6
0
-6
-3
-1
5
-7
2
1
-2
8
3
0
-7
-1
-1
-3
-4
0
-2
-3
-3
-5
1
0
-2
0
1
-6
-1
-1
0
-3
-1
0
1
-1
-4
0
-6
-7
-4
-1
0
-3
-8
1
2
2
2
0
-1
-4
1
0
-8
-11
1
-1
10
0
3
7
-2
2
-7
-9
-12
-8
-2
-9
6
-12
12
23
-4
6
-21
-21
-6
-14
11
2
13
8
2
7
-11
-15
5
-11
1
0
9
6
8
6
1
-1
-6
-3
0
-8
0
-23
-3
13
11
4
-49
-24
9
11
72
12
0
-13
-40
-2
-7
-3
18
1
12
2
35
0
-7
-26
10
0
1
28
-33
5
0
8
-6
-7
-3
-3
14
6
-3
7
-34
-5
-2
-11
5
0
0
-11
8
-4
3
0
-11
1
-1
-4
-2
2
2
2
-5
-7
0
-9
-16
2
0
-13
0
-2
2
-1
9
5
0
5
12
-3
-1
3
11
6
-3
-20
8
-9
-1
1
-1
2
-2
-1
-5
-6
0
4
3
4
-1
-6
-4
-4
8
-2
5
3
-3
-3
-6
-4
1
5
-6
-1
-12
-12
-2
0
10
0
-1
-4
-1
-3
2
4
4
1
-4
-3
-1
-6
2
2
-4
-16
-1
-4
1
-6
6
3
2
-7
9
0
1
-5
0
-1
-1
1
8
-1
-2
5
-3
0
1
0
-3
0
-1
-3
-4
-1
1
-4
-1
2
-4
-3
0
-3
-2
-7
3
0
3
22
1
-2
-4
-4
-14
-3
3
5
6
4
-2
-5
-5
-2
-2
-4
-2
-1
3
0
1
0
-1
1
-1
-1
-2
-7
-1
-3
8
1
4
6
-6
1
-1
-7
2
-2
3
7
0
1
-1
-7
-5
-6
3
2
7
6
-2
-1
-5
-4
1
0
4
-2
2
3
-3
17
-5
-2
0
-13
-3
1
-1
8
-7
-4
-2
13
-2
-1
1
-25
46
-3
0
40
-17
2
2
-45
-54
0
-4
-35
-6
0
0
12
3
-3
-2
0
9
0
0
1
2
0
1
0
2
0
-2
-1
-3
0
1
0
-7
0
-3
-4
-5
-1
0
-7
-5
-3
0
-7
-16
1
0
-2
2
-2
-1
-5
3
-1
0
-2
3
-2
-1
-1
2
0
1
-4
-4
0
-1
-3
0
-1
0
-2
0
-1
1
0
0
0
-1
0
-2
-1
1
0
0
0
0
-1
-1
-1
-1
0
-2
-1
-1
-1
1
-1
-3
-4
-3
0
2
1
-2
0
-1
-1
0
-1
0
-1
0
0
1
-2
1
0
0
1
-1
1
-2
-2
-1
-2
0
-1
2
-1
0
0
-2
0
-1
1
3
-1
2
-1
-3
2
1
1
1
-1
-2
-2
-2
3
0
1
2
0
-3
2
3
-2
0
5
0
-1
-1
-2
-3
1
2
-3
-1
1
-3
-3
2
0
-1
-2
-2
-2
-1
-2
-3
-1
-2
1
0
-1
0
0
-3
0
0
-2
2
0
-2
-1
1
-2
0
0
-2
-2
0
-2
-2
-1
0
-2
-1
0
0
-2
-2