25
-62
-5
17
-7
-39
-37
-29
-65
15
-14
5
-33
9
-27
19
-33
-1
-13
-5
-26
44
-28
50
-15
-2
26
18
-55
-16
-15
32
4
30
-14
-17
-8
15
14
12
32
-2
-28
45
-31
-59
-9
-15
-2
97
-8
14
44
3
-9
-14
-18
-17
26
10
-15
-8
-41
-2
-20
30
-4
-19
-21
-19
-28
1
-15
74
5
11
27
-11
-26
-8
22
-21
-47
1
-41
4
5
12
-39
7
-10
32
-9
4
-4
24
-3
19
13
36
40
-18
7
-3
4
15
15
-4
8
-58
-14
-2
-56
-10
-39
12
-61
41
-32
117
35
49
46
9
-35
-14
-18
8
-6
28
9
-1
-17
31
-16
24
-16
46
-13
23
1
21
-4
-5
19
41
-8
-8
-5
16
36
6
-9
38
-23
-10
22
21
-26
7
31
40
-11
9
7
22
23
4
45
9
-22
11
11
14
-33
1
38
-30
-2
3
-13
-7
-19
12
-12
10
10
36
16
42
75
9
59
-55
-12
8
-7
-4
-2
-7
12
29
16
8
15
14
46
27
8
14
27
4
31
-41
43
-14
12
-22
10
7
-45
-34
-14
-11
-15
44
27
26
49
32
61
-11
55
-45
38
-28
-20
-43
-48
-11
-47
-1
-14
8
9
59
52
10
16
-9
-5
-11
7
8
27
-19
-6
5
-5
-5
-16
16
-34
37
27
33
30
-4
9
4
11
26
61
7
49
-28
27
-39
-6
-29
14
-39
-24
-11
-29
0
-29
19
2
31
33
2
28
-3
40
-4
21
-23
-16
-51
40
-26
40
7
55
-70
-15
-51
-50
-66
-55
24
-44
-5
44
2
-32
-14
28
11
1
-37
-20
-35
-40
10
4
-29
-29
2
-21
-6
-19
-1
57
-28
-28
31
19
45
24
17
47
-29
-3
7
9
-19
-4
-22
18
-20
-41
-21
-14
-19
-27
43
25
-2
6
30
14
14
43
-11
-37
-43
20
-23
-40
-44
-9
6
-21
-41
-13
-33
-27
-7
17
-2
-52
-13
6
-28
-32
-7
-39
-23
-33
-6
-13
7
-22
-11
-40
-46
-40
13
-4
6
-30
15
-26
1
-14
-7
-24
-18
-49
38
-12
57
-5
30
26
21
13
15
49
24
24
-31
-6
-37
-35
37
-21
-14
-25
7
16
31
30
-4
29
-12
-2
-22
21
-45
-8
-17
-13
-36
-36
-44
-42
-3
-15
-19
-53
-6
-42
31
-18
26
13
13
4
10
-12
-17
-14
12
6
-24
-34
-15
-11
-16
1
12
-9
-29
-61
6
-35
7
-30
33
-13
13
0
38
-47
16
-9
27
-10
26
-27
36
-37
6
21
45
-4
14
6
19
-3
31
10
36
26
2
58
9
-46
-6
18
-26
4
-1
-31
3
-10
43
19
16
3
26
26
-16
14
1
-30
-5
-3
34
30
14
-26
-26
2
37
10
10
-1
14
5
10
20
16
28
12
-8
-15
7
12
1
-20
12
45
-4
12
38
-17
-19
-6
28
-4
7
-13
-12
-29
-49
4
-37
17
-6
39
3
1
9
13
2
-2
-3
15
2
-14
-52
21
-50
-3
-6
46
-32
21
-4
14
-5
22
25
31
10
24
19
16
-3
5
-18
9
10
25
-2
32
-3
41
12
27
-9
37
49
38
15
10
44
21
19
27
31
-13
24
22
29
-9
1
7
35
56
39
-26
55
-17
32
2
65
4
44
-15
80
-28
8
-63
36
-75
53
-41
-25
-59
-17
-17
2
-24
9
6
8
-26
5
-13
-6
-21
1
8
21
-24
6
-21
-21
-42
-1
-2
-27
-23
10
-15
-11
24
-2
1
-20
3
-7
-3
8
18
1
3
-17
14
-4
26
25
-5
15
22
-2
-13
9
25
1
19
15
17
31
18
7
4
44
12
24
-11
28
-52
20
-22
3
-17
7
-1
20
-14
3
-1
26
-11
6
-6
32
13
12
-27
53
-17
34
-3
51
-42
47
-70
17
-73
-14
-29
17
-60
9
-49
-6
-50
-12
-13
14
-30
-3
-29
-13
-56
12
-13
-9
-46
8
-70
-40
-54
-37
-25
-71
-55
-63
37
-50
19
-13
53
-14
-25
36
28
-52
-33
-12
-4
-49
-7
-3
-7
-55
20
-21
-5
-37
8
51
-37
-30
18
-13
-13
-18
20
12
-14
-10
0
-2
-27
-32
16
-12
-5
-12
18
-5
3
-38
9
-28
18
15
21
13
-31
-2
28
-12
10
0
-13
-23
-10
-17
25
18
10
12
8
15
-4
6
-28
-1
2
-1
10
14
-12
-14
-40
-31
-26
-19
15
-19
10
24
10
26
-4
-5
-24
-4
-22
-17
-5
-12
-3
-15
-23
-22
-14
-28
-24
-6
-40
-61
-23
0
-1
-83
9
-69
21
-38
37
4
25
-13
44
31
-7
-3
15
-8
-15
-45
29
13
51
-17
65
14
-2
34
37
-30
19
9
44
9
-8
14
33
27
-9
7
28
-35
-28
20
42
36
-15
17
-5
-5
7
4
23
-15
-25
-4
0
-25
6
-4
37
28
28
41
20
7
23
44
10
75
36
31
-4
-6
-11
46
-36
26
-50
-1
0
13
-9
34
-44
-18
-31
-15
0
-20
-15
-6
-9
-14
-5
0
-4
1
7
0
-9
20
6
-18
-38
6
-7
5
-13
20
-19
-11
0
-9
6
2
16
18
27
-9
-7
24
-6
-26
-10
13
21
-11
-3
1
-16
-18
-2
-5
-3
-7
26
7
18
35
22
-19
-24
-21
0
14
13
-10
34
11
-5
-5
-5
-38
0
2
17
1
15
28
12
-4
8
10
6
-9
6
29
-3
7
13
-6
-2
-9
-7
-9
-7
-29
4
-1
-3
3
2
24
-6
22
-14
-8
-27
1
-8
8
-6
-1
5
21
-28
6
-30
0
0
-5
-3
-23
-18
13
8
21
-12
-26
-23
-4
-32
43
-19
4
-41
-57
11
-29
-4
7
-24
-23
-16
-24
-63
-50
-8
-48
-13
-45
14
5
11
1
13
-6
-8
-52
-14
-36
-2
-43
25
-3
-3
-34
24
-22
38
-12
53
10
7
-4
44
20
35
8
65
53
-21
38
17
-11
-22
-24
10
-8
14
21
18
-4
-27
34
15
-34
-36
20
7
18
-25
28
25
0
0
25
-29
-31
-49
3
-24
-4
10
-5
-9
-3
-1
-9
6
-4
20
28
-6
-6
-7
-14
-36
-22
-13
-10
-16
-47
12
5
22
14
11
3
-15
-21
15
9
9
12
-23
-25
-14
-19
-16
-22
8
-23
9
2
11
2
16
-10
39
-9
-4
13
8
25
-34
-10
20
-5
-4
-11
8
-17
-11
-16
6
-25
11
-6
13
-32
-3
-18
31
-13
12
17
65
-46
-17
35
41
41
12
47
-14
-17
11
45
3
-12
2
26
-11
-28
54
44
-6
40
11
22
-53
-43
-2
-27
-22
-37
23
-25
33
-15
36
30
-1
-36
13
4
19
35
38
11
-31
-12
12
-16
-18
-27
21
-26
1
9
41
26
32
9
-7
17
4
33
2
-15
-17
6
-6
3
38
30
18
28
-2
13
-2
13
-5
7
0
-3
27
34
16
33
-21
44
-3
23
-23
47
-30
-20
4
14
-18
22
4
5
-9
14
-23
-2
-2
-3
-16
-1
-21
-2
2
1
-4
-10
-11
-30
-7
-7
28
12
12
4
29
-21
-3
33
-6
-1
0
-13
-12
11
34
14
-11
14
-4
-2
12
10
11
17
-3
9
-7
-14
-13
0
21
36
9
-24
-14
-16
-11
34
4
12
31
44
14
42
-4
31
-3
42
-36
35
-60
29
-18
19
-17
16
-41
24
-23
-9
-25
48
-9
-14
-32
36
-34
-14
-8
44
-29
24
-47
-3
-42
-16
-34
-31
-19
-9
-6
28
-44
-37
-11
-9
-19
-34
-14
-5
-23
-30
-29
25
-14
-35
7
-5
-35
-17
31
0
36
9
8
2
1
-12
-5
9
-6
8
-7
-19
-24
-18
20
-13
27
2
54
28
3
18
15
24
-11
50
-16
2
10
1
-24
-4
-5
36
4
28
-14
0
-32
13
-10
31
-16
-18
-11
46
-28
33
-70
-17
-19
-3
-35
-6
-31
8
-34
-23
-54
3
-35
-54
-32
-31
-18
-10
17
4
0
-6
-63
62
-35
-60
-58
-32
-63
-49
-24
-58
-17
-55
5
-5
-15
-56
15
13
-22
-19
-11
-44
-6
-29
-8
-13
8
-56
39
-13
-14
-36
7
-16
-26
-63
33
-19
35
-31
24
-20
-9
-32
28
6
23
-3
14
1
23
12
14
-39
-18
40
39
-32
-9
5
16
-15
18
17
-11
-15
14
7
25
15
41
30
-28
0
-13
5
16
30
4
32
-17
-3
-42
37
-37
12
11
-13
-33
-11
-51
-44
17
13
-16
-31
-36
3
-50
-40
-27
-73
-9
-35
26
-29
-13
-5
2
-30
-15
-33
6
-43
3
-25
6
5
2
-28
-8
-24
-5
-30
-4
-32
6
-89
31
7
47
-14
56
-10
7
-5
14
-12
-46
-86
23
-41
43
-72
91
37
89
8
94
39
26
13
81
8
26
21
49
-14
19
46
48
12
40
43
23
6
17
29
42
9
30
76
43
20
-46
9
17
-63
-9
38
-13
1
-12
21
22
14
-30
1
-5
-19
34
40
14
4
10
10
4
26
27
35
-78
-12
40
-5
-19
-15
49
17
6
5
23
-31
-11
41
11
15
10
37
12
23
-11
33
-3
23
-36
1
-35
-15
-9
-22
16
-43
15
-6
62
23
47
49
27
34
-17
27
-6
17
15
29
-10
32
-40
22
-23
-30
9
-6
4
-5
35
9
7
13
-16
-5
-15
-4
35
10
-6
-39
26
-13
-8
29
30
4
42
31
40
-14
60
41
56
81
2
85
-23
27
-27
54
-33
5
-93
13
-50
-30
28
-5
31
15
1
46
-26
27
-5
56
-23
28
-21
-10
-51
17
-14
23
-21
15
-67
-5
-45
-12
-9
-3
-46
-28
-30
3
-17
3
-45
-20
-56
14
-4
-39
-49
-2
-3
3
-36
3
-70
-41
1
5
2
-13
1
-22
-51
-51
3
-12
-11
-20
1
-28
-12
-64
25
-21
38
23
62
17
-20
-22
31
-8
8
10
68
46
-32
33
30
49
-15
20
-2
2
3
17
3
9
1
17
-6
-4
-20
33
30
39
-20
35
-14
18
-2
5
-44
-39
-13
39
-18
-43
-1
-40
-35
12
18
15
-13
9
-14
-12
-20
13
-38
-28
-51
3
-29
-2
-30
-47
-42
-39
-6
-7
-1
4
-42
-48
-2
-37
-5
-13
-1
-13
15
9
-19
-27
-1
-43
-31
-55
8
-4
18
-16
15
-25
29
-1
44
-19
2
29
32
12
8
-10
1
-9
-15
1
26
-22
3
25
13
-2
21
11
-1
6
-22
-4
-6
-14
17
27
4
20
-26
-6
8
40
-5
42
-21
5
-57
-46
-4
-13
4
17
-37
-25
-23
-8
2
-14
-6
6
-46
-39
1
-16
-19
-28
2