-795
-583
-97
1437
980
-28
480
442
-488
-64
-40
30
274
-420
30
-574
100
-589
-70
1165
-189
-641
-121
13
646
-315
0
-967
-115
38
61
0
-1087
-1350
279
-978
-475
985
-17
-833
530
680
70
-170
525
-439
39
457
76
-368
54
-222
-61
-504
55
450
737
344
589
-266
260
231
42
223
-1136
831
-66
405
-895
592
-311
-432
-1044
809
-14
-301
-94
411
48
93
2058
168
-82
208
-1094
935
318
-215
902
8
48
444
-201
211
43
-327
164
-1136
256
-300
-1458
166
-202
390
471
374
43
66
512
402
30
174
-1011
-1100
-383
-494
-137
-70
27
-228
477
788
157
-1386
-188
-101
42
663
595
-2581
-357
-2547
48
958
-198
-898
1751
572
-183
846
-169
-3
49
189
-1241
-690
341
-16
346
1805
150
-1095
214
-90
248
582
-328
161
46
-505
-1432
-363
-260
-211
-914
397
330
361
883
149
401
-725
-755
98
19
366
-1010
-535
306
45
-268
1093
52
-887
-248
-792
-4
196
86
-55
62
591
-4467
-1694
121
-904
-1932
-1518
214
-16
2646
-495
112
-2027
311
-752
59
-10
-2
-1967
412
-999
-1185
333
15
465
-185
1516
-43
100
-110
-814
50
670
-991
202
-243
-6
165
-218
-387
674
-396
299
348
-517
227
1395
29
451
-1105
-47
137
1325
-888
358
44
-280
840
-695
340
221
33
-273
39
615
-5840
777
240
1677
-647
588
-45
-390
195
478
-611
36
44
-25
56
-837
-343
61
-97
-1221
-1028
1148
40
416
-1342
-339
354
-457
382
-202
34
50
1407
527
407
789
-50
-18
524
666
26
-841
306
-1195
-238
550
50
-46
422
-266
144
-1594
754
931
36
-215
-1015
335
-555
-31
63
205
55
-277
1015
-1578
-291
-1592
894
-1086
-250
-32
-971
-1537
15
-1937
262
34
62
576
2856
556
-612
1500
615
-442
261
-274
-2069
386
129
-422
-282
355
62
-1195
2144
525
2
-1433
993
-472
33
200
-1565
-1419
207
-1911
584
401
50
-131
639
-1061
369
-313
611
-817
33
799
-83
982
395
-1570
-666
91
62
81
-43
115
375
837
1743
-653
-43
313
-135
111
105
-823
-663
708
45
-72
-96
986
690
-686
941
1280
189
-416
689
-76
173
178
121
-859
69
193
75
92
53
118
-406
-1353
-150
-1293
-240
469
270
-129
458
-132
68
684
2247
706
671
206
266
-244
28
340
879
514
-197
-680
-329
219
51
-717
806
-748
446
1188
83
-373
-247
-191
1498
843
-2
-157
-517
863
61
-1001
786
-377
-208
-1301
-24
1014
34
-680
-2054
150
-160
1594
1127
-156
35
36
718
-1060
-38
-972
817
-259
-117
-433
1017
-621
141
-639
-275
-145
25
433
1693
841
87
-129
-548
464
32
-232
-331
298
167
-666
-425
-242
13
354
-993
387
489
597
1643
-620
-43
1164
-1870
-675
128
443
1061
840
25
-432
-1452
-479
-762
-233
-1020
-386
-90
346
-452
643
254
647
418
198
24
-568
661
664
-505
138
-644
-305
604
-97
1234
2686
62
932
766
5
46
-239
1432
-149
-188
-111
-18
-1101
34
441
-291
387
11
613
-17
359
29
529
-446
3774
-104
3482
-417
214
-245
-394
-1284
-1274
-54
564
-106
298
32
-464
34
-1580
-562
-1070
1066
-692
234
302
-1302
1451
204
203
544
-228
38
-650
-2645
1282
421
952
605
-267
139
-611
-1064
390
296
514
-602
457
42
715
577
-1053
97
-307
-437
1061
23
-493
1247
-468
39
-410
462
-172
32
74
-1043
-663
217
51
-1107
204
41
-72
-1007
-357
-353
-399
-202
-287
46
-573
-1297
133
263
37
317
-60
45
430
525
-1046
87
-14
948
880
56
-72
-352
502
554
-478
-1513
-231
155
-365
-354
298
-160
-212
-595
-190
57
436
1788
-387
398
-1133
-727
-14
41
34
-700
-642
38
-956
188
-86
30
-208
-2379
-54
319
-380
520
-427
56
577
60
-500
488
264
-235
10
43
1102
1293
2697
-35
1699
2
425
-72
231
431
-32
-391
-558
210
756
74
190
55
-512
-737
-808
-188
-39
-374
1307
534
1033
126
-755
-393
-123
49
-15
-2807
323
221
319
1026
-1222
44
716
-167
671
269
-175
-223
-723
37
403
3214
-1256
710
-1676
-1797
-683
29
1143
139
2070
-355
170
270
691
38
-19
1632
456
-150
506
-168
820
-410
-1486
-1071
87
491
569
359
138
45
6
-422
-1525
630
-91
-308
1398
652
538
-1061
716
191
944
-374
-1003
36
359
1224
450
-450
346
-369
-105
71
-427
-401
754
-275
250
-118
205
46
-345
-737
-985
-139
-833
-626
-195
346
-887
535
-198
-607
-886
480
-838
44
654
-229
274
503
-592
-540
-606
266
164
-966
-14
76
928
255
1424
43
-514
975
274
201
-62
-786
564
-86
688
-1364
-268
246
1024
203
237
35
247
891
2422
489
682
840
-687
40
679
1462
-495
42
-333
310
64
38
-172
600
370
-244
-426
1346
-752
-86
-632
1730
722
-432
558
459
117
51
-5
584
-87
-390
-995
123
-430
147
-140
-754
479
438
513
658
-33
58
629
-369
436
211
-320
-619
606
293
-686
895
-146
-567
1960
-57
947
53
-213
-917
132
17
190
-58
-114
66
-156
-371
-958
-41
548
-544
-1049
24
1559
42
295
-112
1943
-122
8
-100
202
397
-1202
285
300
-1055
359
41
-561
-4235
-863
-167
-707
66
-136
32
-766
-98
-402
-226
-188
581
-795
47
977
2182
616
-170
1220
-473
-548
-67
304
184
387
254
-27
-180
-539
54
-117
-1
-184
189
494
1285
-337
35
475
608
65
256
719
123
-385
25
609
-642
525
746
141
810
953
-30
421
-212
154
42
90
625
521
37
3
-1366
-9
-732
-127
-183
-272
-287
-288
1269
408
-61
20
-431
-740
63
184
-1309
-278
-29
-686
111
-370
235
-630
2053
-409
25
1105
140
21
70
831
4258
-248
-42
-276
-636
-679
68
779
-1344
-11
250
-747
-315
796
17
-478
328
1105
130
2653
-402
596
224
-166
-920
400
-138
78
-513
401
51
-171
629
-289
-113
777
-78
812
10
-420
-95
-109
107
277
463
-736
61
664
518
-688
116
180
-1445
271
-29
1537
-289
96
57
-396
117
-464
35
72
1465
196
297
552
139
775
47
-447
1210
236
-72
-210
318
55
76
491
1630
-562
-76
-282
494
-8
-188
-1112
377
46
-323
472
-243
-20
41
234
155
-1978
-95
-660
-961
-601
-35
215
-493
58
363
728
341
248
21
-410
1661
821
167
279
-729
-519
749
-29
1721
-236
-35
632
-214
107
56
-55
-437
-850
491
-876
-744
-671
58
489
681
-679
7
-41
265
-14
63
-390
-2882
1348
-322
1964
-173
105
153
-945
457
308
333
-8
0
-336
26
-164
2608
81
-214
-359
-167
-120
-79
378
2583
465
-265
585
286
116
56
230
-39
127
47
643
1131
1307
-107
1083
429
168
119
528
717
-927
55
239
1426
-764
180
-498
480
-786
18
-84
203
-695
-53
83
-674
-166
36
94
-9216
1880
544
1126
-540
-913
-300
-381
-114
-328
-302
1170
-669
354
29
532
317
1310
-751
530
197
330
-3
-610
293
499
-35
-503
-409
-129
79
397
-913
-1096
491
-2258
-1187
1078
465
-780
-93
-1008
-11
1572
-479
-511
55
-117
-2991
-826
-131
-820
-401
-163
59
81
147
560
-63
-88
-35
437
31
-77
-7846
-3082
-322
-3160
197
-66
-1
-184
1362
-1552
-162
-1174
1064
-361
36
307
-258
499
-452
823
-836
103
-106
-249
-820
675
-22
2135
441
55
45
255
-626
-694
540
-714
117
1071
169
-383
491
-747
31
-289
-32
-5
38
-343
1683
-238
405
-24
410
145
62
-87
-1062
-691
132
381
-97
663
43
-77
-107
570
203
-382
1059
-1056
145
908
1258
-367
-44
-189
340
755
58
-447
427
-1050
227
98
1380
-191
286
179
-505
219
179
-369
44
244
58
54
1446
1150
686
-62
-256
-277
280
-211
-133
485
-263
-381
-409
784
25
-1072
-240
-518
582
1342
628
-874
34
158
-688
600
-246
496
419
383
71
-499
3330
1782
-112
1140
-613
-288
-361
-70
1373
300
183
514
159
852
41
-294
-4620
-1649
-132
401
-136
-758
56
158
427
197
97
-503
-77
-203
17
277
2195
-312
15
626
-214
147
-196
587
-374
965
388
-669
413
-201
13
-423
-1342
-417
-426
299
176
429
40
-559
-687
1302
365
340
0
702
34
-416
1148
-1557
-20
-2449
-432
467
-172
-113
-51
464
99
-42
126
-1616
54
470
955
2319
-77
-201
-435
-667
89
737
1650
116
458
702
406
292
58
-250
-1864
-920
392
86
-125
714
333
-1116
2806
126
206
794
481
-705
59
101
2767
1468
-55
-58
-35
-600
43
-78
-1353
1008
-215
506
236
-265
52
747
5413
-8264
931
-6860
-721
-129
-135
189
1417
-924
-49
-188
-971
-582
59
366
2806
160
-328
862
1097
150
105
88
149
1081
-65
-333
486
-359
46
-9
-2630
552
602
338
628
-207
224
981
-1309
663
-161
879
-203
-33
41
-229
-344
297
362
231
173
-739
53
611
924
-349
374
231
-401
575
35
-665
-13
20
79
146
-409
-1220
95
526
-1400
604
-464
-280
-333
291
29
-751
723
-957
139
-49
-194
-734
308
1452
702
228
254
-118
731
-722
57
508
918
-675
-828
265
-1738
-425
20
-501
457
1505
425
461
357
-124
37
22
1777
-277
493
317
-435
208
41
-504
45
-212
-3
342
-748
-1034
30
-104
-2965
834
47
-628
474
1093
-324
-283
-826
260
796
-1848
1096
196
38
376
-2172
214
46
492
-648
846
50
400
899
34
-467
504
313
114
43
132
-1430
479
-34
-729
342
-353
-62
-529
2156
-325
314
-187
-195
519
53
-787
-885
1422
-189
-292
441
418
69
140
1380
284
360
212
253
-268
67
204
1651
990
-3
1200
-587
227
-213
-657
1936
731
-170
-19
-18
-176
28
928
944
104
48
-1018
993
-38
-117
-76
-510
451
146
227
-15
265
47
-531
444
753
-422
241
-1002
-920
356
566
-696
-283
152
-269
-101
45
37
-181
546
1034
882
54
194
-521
26
25
-640
-483
36
-227
-217
776
53
-754
3459
-800
45
576
-110
538
90
-454
-306
680
-22
394
-172
-675
56
-3
-2434
1380
606
680
-60
42
152
930
47
347
5
2055
595
-315
33
-127
-375
-321
179
-693
420
411
-216
311
908
-118
80
-242
-255
-131
51
583
716
921
164
441
-297
-332
65
-534
1636
679
250
-25
555
582
55
-924
-684
-659
-112
-439
402
-1562
-142
-76
18
1936
-74
218
-478
196
30
26
28
729
-404
-1369
-666
577
102
-569
-181
-140
59
282
381
730
57
-200
1566
-1888
-218
-1682
201
-767
-125
333
-459
986
165
552
1024
508
62
70
-2893
547
225
-443
365
-388
39
-544
448
775
22
203
-542
-796
56
550
-1976
453
74
-527
-105
-1156
-61
1586
-2766
-298
2
-430
328
-682
48
398
-2640
-136
8
-358
-39
174
51
-336
559
-1021
173
-483
-75
187
35
133
624
68
-406
146
-460
-93
-254
7
262
733
326
-929
383
-197
45
-263
-1264
512
76
616
1624
-358
52
-1042
2042
1646
412
-782
-249
-417
35
673